5
10 2
28 32 91 35 85 55 74 6 38 59
20 9
2467 3301 4197 4798 2196 2016 4229 2068 3459 1453 2310 1411 1454 2346 1498 3111 2276 4374 4724 2247
30 10
488 3493 1114 1552 1556 2484 2040 518 2266 3432 371 694 1394 3281 3302 863 2033 1914 1756 155 2252 3031 238 2847 2075 2432 3244 3193 1155 664
40 36
1483 794 13850 13168 29452 14736 4459 5461 2283 24938 11530 15923 28816 8734 1268 16804 14574 29750 9050 26024 6018 8150 21666 5786 4750 28748 23727 22370 119 17897 4450 493 24668 1247 2352 27610 10264 18828 230 17270
70 52
4426 14630 13307 14571 9154 10359 29717 18356 7774 1788 9151 13396 19943 24424 4009 4680 19254 11582 13088 26170 25755 12446 3216 14455 13951 13407 6983 11171 14151 31327 27259 27564 14972 16919 19855 2300 12073 7539 12690 5107 7557 2016 10249 3220 10194 29606 3822 31358 4741 16760 31224 16670 6055 22089 16669 1060 2427 17250 22614 12339 2145 13490 21666 31709 20474 6501 16973 29902 24461 15032
